$ANSIBLE_VAULT;1.1;AES256
39623738623135633962636264396466353562366433316463633937396236336232316366633861
6439326661366631393035326630313961653361623366340a333533323537663632616636383138
38636163393764623566323735373333623765616236623565613339646562366666346164313865
6137363433366131310a343633353137626335376265393531656535356535393731356366303037
64613633613838393335323734333366346136373634353131346433623961336239393765313636
66643434636566383932386631373438333965633464636364313731613863343133666131333434
37616661633637343730633732666139343233333261343437623836653461303366316232353162
65663830616335386463643333613235393830313134653166663337393138326137336632386339
63633139326161346137396261363865323533323462316133396336366336363537383134346433
66363036343363613233353835303664306639306532646536663264346133633565323263663665
37663037343436393434313833383566396235366134666132393036356164656232636135633265
35653864626264336130333033616638643965653235323739356566336565643762646539333338
37633361373538346433383030333464336163396239633165393533373362613335663539653532
6133636462393132333464393539663833383663616534663439
